0 778 181 45 126 55 137 226 414 471 172 49 128 26 190 57 130 438 184 28 103 804 161 157 380 279 157 137 363 
1 515 183 27 104 820 165 41 128 50 140 224 408 779 179 44 127 473 174 50 125 438 184 29 102 25 191 57 128 282 155 134 369 801 159 159 384 
2 516 180 26 113 46 174 212 355 779 178 43 125 478 177 49 121 438 184 29 102 25 192 58 126 282 138 142 415 798 165 163 374 
3 818 170 38 107 44 142 238 402 780 177 43 125 481 177 47 122 438 184 28 101 24 192 58 127 289 159 135 361 796 166 165 373 
4 818 169 35 109 518 181 26 116 476 180 19 97 42 145 237 398 484 179 46 120 23 192 59 126 780 176 43 127 438 184 28 101 291 155 140 367 791 173 169 362 
5 819 170 36 106 487 177 46 121 476 182 21 94 43 153 194 394 23 192 60 125 780 178 45 125 438 185 28 101 293 155 140 365 787 180 172 350 
6 821 169 34 104 479 183 22 93 23 192 59 124 36 165 197 373 779 179 47 124 438 184 28 101 303 152 140 369 785 183 175 345 
7 23 192 61 123 479 182 23 93 779 180 48 122 437 184 28 102 19 151 232 392 304 152 141 371 783 181 174 350 
8 22 192 62 122 479 182 24 94 437 184 28 101 779 180 49 124 15 146 234 396 305 152 145 369 783 183 176 344 
9 479 181 28 95 779 181 50 117 437 183 28 104 13 143 225 401 306 152 149 367 782 182 177 344 
10 506 174 42 125 779 181 51 110 480 181 30 95 437 182 28 106 14 143 216 404 308 149 150 374 780 181 179 344 
11 292 173 57 168 782 176 51 105 509 173 42 126 480 180 30 97 438 183 27 105 12 138 215 409 309 150 151 376 777 179 183 349 
12 480 180 30 98 511 173 46 127 438 183 27 104 12 132 215 413 310 149 154 377 773 178 185 348 
13 486 180 29 99 295 170 58 183 513 172 46 128 438 184 27 102 11 133 207 413 316 148 146 381 770 180 188 344 
14 184 189 48 121 486 181 29 98 439 184 27 102 296 168 57 189 513 172 50 130 10 136 207 409 319 132 142 427 762 183 192 337 
15 790 174 35 98 186 190 48 119 486 181 30 96 439 184 26 101 8 136 209 407 295 168 58 191 512 171 51 132 324 128 140 436 759 183 193 338 
16 187 190 48 120 438 184 29 87 487 183 29 93 295 168 58 193 3 163 190 373 515 171 49 133 325 141 142 395 756 183 195 338 
17 439 184 28 84 188 190 47 123 154 201 30 88 487 183 29 93 4 167 184 365 514 174 52 129 294 173 57 200 329 142 143 390 749 186 192 337 
18 190 191 45 124 486 183 29 92 153 191 31 126 1 161 181 377 515 172 55 133 294 176 56 193 326 142 150 388 748 195 188 324 
19 190 198 41 113 486 183 31 93 151 191 36 127 519 170 51 134 297 176 55 195 0 155 179 362 333 128 154 416 742 194 181 327 
20 191 198 40 114 486 182 31 95 150 190 37 131 521 168 49 138 0 157 176 360 297 176 55 195 331 130 160 411 734 197 182 324 
21 193 199 38 113 149 189 39 132 487 182 31 94 297 177 56 192 522 165 51 143 0 156 163 384 333 131 163 409 731 194 179 332 
22 529 164 42 150 930 108 29 373 193 196 38 119 297 175 61 195 150 191 39 128 489 182 30 93 0 155 176 363 727 194 178 331 341 136 157 401 
23 930 115 28 358 296 173 66 199 835 163 50 114 193 196 39 118 0 156 171 359 150 192 38 125 488 183 31 92 343 143 157 389 718 183 174 351 
24 306 173 65 201 194 198 39 114 833 162 51 123 2 152 164 364 152 190 36 130 489 183 32 91 347 144 155 388 714 180 170 356 
25 837 159 49 139 302 171 70 204 0 130 138 396 195 196 38 117 153 192 35 127 490 183 32 91 345 138 159 416 712 181 169 349 
26 540 168 41 151 816 177 33 87 196 196 38 116 302 173 69 201 153 193 35 124 491 182 32 92 0 121 136 415 343 138 162 417 709 181 170 350 
27 848 168 45 137 198 196 37 119 155 196 35 119 491 181 32 93 0 120 134 414 300 171 71 205 350 139 161 418 701 177 172 360 
28 192 192 51 120 851 168 44 139 154 197 36 118 0 123 134 402 493 180 31 94 301 168 69 211 355 141 161 415 696 178 174 357 
29 155 196 37 120 2 119 125 411 192 192 50 123 851 167 43 141 494 180 30 94 350 142 174 412 302 168 69 215 692 185 175 348 
30 3 127 116 399 531 185 28 89 496 177 29 96 155 196 37 119 193 192 50 123 850 167 45 141 373 133 153 410 302 171 71 210 686 179 168 366 
31 193 193 49 122 1 136 107 382 156 197 37 119 849 169 48 139 376 139 154 399 303 170 72 214 683 182 171 361 
32 2 136 101 382 156 196 38 120 850 167 47 142 381 134 155 407 304 172 75 214 677 186 173 352 
33 1 187 95 346 155 194 38 124 849 167 48 142 382 135 156 403 304 174 76 210 674 188 170 349 
34 3 198 103 330 916 171 43 142 200 194 48 119 155 197 39 119 43 185 51 131 535 183 29 90 852 167 48 142 393 139 149 394 303 169 78 214 673 190 164 347 
35 376 183 40 189 818 176 46 124 915 169 45 144 148 196 47 116 43 185 50 132 199 194 50 121 535 183 30 91 852 168 49 140 398 142 150 391 303 169 77 212 668 188 165 347 
36 535 185 30 88 378 182 40 190 819 178 46 125 149 195 46 118 913 169 47 143 44 185 50 132 200 194 50 121 852 171 51 140 394 141 159 393 303 167 79 216 664 190 166 343 
37 535 185 29 85 912 169 46 141 149 194 46 120 375 182 40 186 855 170 48 140 202 192 48 120 44 183 49 135 393 132 183 433 302 165 75 217 660 182 167 351 
38 850 172 48 136 375 183 39 184 911 172 46 136 149 194 47 119 44 183 49 135 395 127 184 443 202 191 50 122 301 163 75 223 660 179 163 353 
39 868 164 45 148 913 168 43 146 831 173 48 140 149 195 47 119 373 184 38 183 202 191 50 124 406 141 171 391 42 184 50 132 302 160 73 227 655 176 156 361 
40 868 164 45 147 391 183 51 190 912 168 43 146 377 186 38 178 830 173 49 139 150 196 47 119 203 191 50 124 414 142 165 388 41 185 51 131 303 159 73 228 654 176 154 360 
41 870 164 43 147 913 169 42 145 829 173 48 140 391 180 52 191 150 197 48 120 203 192 50 124 421 144 157 386 41 185 50 130 305 161 72 224 650 179 157 355 
42 870 163 44 149 151 199 47 118 834 172 42 141 204 192 50 124 387 177 57 199 41 184 50 131 429 132 158 405 304 165 75 219 642 179 158 354 
43 874 165 41 145 153 199 46 118 836 174 41 139 204 192 50 125 440 120 161 421 389 173 58 209 41 184 50 132 639 178 158 355 304 165 75 218 
44 374 184 44 188 876 167 41 143 154 199 48 116 207 192 48 125 840 176 44 140 443 120 167 419 41 185 50 131 392 173 60 206 304 168 75 214 631 176 158 358 
45 11 216 33 100 879 169 40 140 154 197 48 117 374 183 43 190 846 178 42 135 207 192 48 125 41 186 50 131 446 123 169 413 392 174 61 208 306 171 72 211 629 178 157 355 
46 155 197 47 117 11 216 34 100 878 165 42 146 374 182 41 190 846 176 43 138 208 192 47 127 41 186 50 131 448 120 170 415 394 176 61 206 306 167 72 217 628 173 153 366 
47 10 218 35 97 155 196 48 118 377 184 38 184 878 167 43 142 209 193 47 127 847 178 46 136 41 187 50 130 452 121 170 414 397 178 61 203 622 186 148 350 309 164 73 221 
48 377 186 39 183 878 166 45 142 210 192 46 127 434 114 206 431 846 179 52 136 42 187 49 129 616 186 145 350 398 178 63 204 312 164 72 222 
49 771 171 28 117 210 193 45 127 437 116 210 426 42 187 49 130 847 179 56 136 616 184 138 357 393 179 71 203 315 163 70 222 
50 885 168 46 140 769 169 30 123 463 143 169 378 210 192 46 128 43 188 47 129 847 179 56 138 615 193 135 349 391 180 75 200 315 164 71 220 
51 12 214 32 101 170 188 36 134 886 170 45 140 767 172 32 116 211 193 46 126 477 150 164 370 44 189 46 129 849 180 54 138 617 187 126 367 390 179 76 204 316 164 72 221 
52 170 188 36 136 213 198 38 118 45 188 46 130 481 151 171 361 850 178 53 139 619 186 108 362 315 159 77 229 388 179 80 203 
53 509 179 37 56 214 196 37 121 460 123 216 418 45 189 46 128 852 176 54 140 622 181 99 370 315 158 79 232 388 181 81 198 
54 170 193 38 129 856 175 52 143 873 171 48 144 468 117 219 433 216 198 36 118 44 189 46 129 316 160 77 232 390 178 77 202 
55 508 179 34 83 211 195 47 121 753 174 37 111 872 171 45 147 44 190 47 127 502 107 204 440 317 161 76 232 391 179 78 202 
56 165 200 44 116 217 200 37 114 685 162 45 132 510 180 33 91 751 175 33 109 45 190 47 127 871 169 46 150 318 163 75 230 509 104 196 443 392 177 77 205 
57 685 162 45 130 217 201 36 112 166 201 44 116 45 190 47 128 750 173 30 110 511 179 33 97 512 100 199 447 873 170 45 149 316 167 76 227 391 176 77 209 
58 687 162 44 127 166 200 45 116 749 173 30 112 512 180 33 97 45 190 47 127 876 174 44 143 518 99 204 452 317 169 76 224 391 175 78 211 
59 214 198 47 121 748 168 30 122 168 200 44 117 512 179 32 99 45 191 48 126 876 173 50 143 526 98 213 451 319 169 76 225 393 178 77 208 
60 215 196 45 124 743 166 31 128 168 199 44 118 513 179 32 98 45 192 47 127 877 177 48 139 318 169 76 225 540 97 202 449 393 180 76 206 
61 736 171 34 113 216 196 45 123 514 179 31 96 168 198 44 119 45 191 46 129 318 170 77 224 874 176 52 141 541 98 208 451 393 180 77 205 
62 737 168 33 116 216 197 46 121 514 180 32 95 168 198 43 119 45 191 47 127 536 101 217 452 875 176 49 141 312 171 88 223 397 181 73 202 
63 514 180 32 95 736 164 34 127 219 197 46 122 45 190 47 129 584 121 180 412 169 197 43 120 875 177 53 138 312 170 88 225 398 181 69 203 
64 514 181 33 93 170 195 44 121 45 189 48 130 525 190 97 345 222 194 48 123 879 181 55 134 310 166 87 231 586 109 193 441 397 179 77 208 
65 514 180 33 93 170 194 44 122 45 188 48 130 881 180 57 135 399 178 69 211 591 109 193 437 224 193 49 123 522 182 105 364 318 165 73 230 
66 885 180 53 130 46 188 47 131 398 176 72 214 519 183 106 352 171 194 45 123 317 165 75 230 225 191 49 125 597 108 196 434 
67 10 187 33 141 887 180 52 133 410 175 73 218 46 188 47 131 311 162 86 238 225 190 50 126 513 173 114 362 609 103 200 440 170 191 46 127 
68 12 186 31 143 889 179 52 133 46 187 47 131 317 162 72 236 225 189 49 127 412 176 72 215 510 167 121 378 170 191 47 127 623 99 194 450 
69 906 169 46 146 46 186 47 131 412 177 76 214 225 189 51 128 315 161 75 236 632 91 193 459 504 163 130 387 172 193 47 125 
70 859 177 42 128 910 168 45 147 46 186 47 131 413 178 78 214 226 190 49 127 308 163 89 234 645 95 201 443 173 194 46 126 495 172 142 375 
71 913 169 43 149 859 177 43 126 46 185 47 133 413 178 77 214 310 164 87 234 226 188 49 130 173 194 46 126 650 94 204 444 489 173 141 370 
72 857 176 43 125 912 169 46 148 46 184 47 133 404 171 92 228 174 195 46 124 227 193 49 125 320 165 75 233 657 99 218 441 483 182 146 359 
73 859 175 41 126 913 169 45 148 46 184 48 133 413 178 79 216 226 193 51 123 174 196 47 124 322 165 75 233 667 100 218 438 475 183 147 363 
74 916 175 43 144 46 185 47 133 175 196 47 121 227 193 52 124 405 176 91 224 324 168 74 233 681 104 214 435 469 189 144 352 
75 12 199 29 128 917 173 43 148 564 180 29 79 228 194 51 124 45 186 47 133 410 182 80 210 176 196 49 120 691 107 206 431 324 169 74 232 469 192 138 352 
76 13 198 29 129 917 171 42 151 564 180 30 84 228 193 52 126 177 197 49 120 410 182 80 212 44 186 48 133 695 111 204 423 324 169 76 230 471 192 132 352 
77 698 166 47 124 12 194 30 134 563 180 30 89 229 194 51 126 178 196 48 121 44 186 47 133 323 167 84 234 409 183 79 209 718 104 204 432 464 184 132 364 
78 563 181 31 94 699 166 47 126 11 197 31 130 229 193 51 127 179 195 48 121 45 185 47 133 324 165 83 237 409 184 78 207 724 106 205 432 457 181 137 367 
79 657 156 47 136 700 165 48 127 10 196 31 131 563 181 32 95 230 192 51 127 178 195 48 120 329 165 86 235 44 185 48 133 412 184 71 205 733 97 216 440 451 178 139 377 
80 10 199 31 127 702 167 47 124 563 181 33 95 229 190 52 128 178 195 49 119 43 185 48 133 412 184 70 205 329 164 88 234 441 181 143 371 744 102 212 431 
81 10 198 30 126 657 155 49 138 564 182 32 94 229 189 54 129 705 165 46 130 178 195 49 120 413 184 69 205 43 184 48 134 329 162 88 235 754 103 202 431 442 174 138 378 
82 565 184 32 88 655 156 51 135 11 197 30 127 708 166 49 124 235 184 51 135 179 195 48 122 415 181 62 208 768 90 189 450 42 183 50 135 328 163 91 236 441 172 131 375 
83 10 197 30 125 708 166 50 123 657 157 52 131 229 190 53 129 416 174 60 222 772 88 184 452 181 195 48 124 42 183 50 134 327 163 91 236 439 171 124 374 
84 10 198 29 123 660 160 51 130 706 164 53 127 802 137 154 368 234 189 53 132 408 176 61 213 182 196 49 123 41 184 51 134 326 165 93 236 437 172 119 372 
85 826 108 132 418 708 165 53 124 409 177 58 211 235 192 52 130 182 197 48 123 41 184 50 134 433 172 121 372 325 166 96 239 
86 530 183 35 89 11 203 29 118 713 163 53 130 830 98 127 435 182 197 49 122 235 192 52 129 43 184 49 134 431 176 124 363 325 166 101 244 
87 531 184 35 90 677 164 35 125 715 163 52 130 184 197 50 124 834 98 127 439 43 183 50 134 236 190 52 131 326 167 102 242 424 177 128 371 
88 678 164 34 122 532 181 35 93 716 163 51 131 847 109 119 425 184 197 50 125 236 191 53 132 42 184 51 134 327 168 98 242 422 178 128 372 
89 533 181 33 95 862 175 104 358 718 163 50 132 328 170 97 241 184 196 51 127 41 184 52 134 238 189 52 134 420 180 130 369 
90 663 171 27 113 873 168 89 376 533 181 33 95 825 176 36 125 719 162 50 135 330 170 93 235 184 194 51 129 41 184 51 133 239 190 52 135 413 189 122 350 
91 820 174 42 128 533 181 33 96 662 168 28 122 720 161 50 136 896 170 62 383 185 192 50 133 329 169 97 238 41 184 51 132 239 189 52 135 413 191 117 343 
92 690 159 36 130 816 174 44 126 533 180 33 98 359 170 63 232 659 167 31 126 720 161 51 136 185 192 50 133 41 184 52 131 240 189 52 136 407 185 114 353 
93 532 180 34 98 690 159 36 132 813 174 46 126 660 166 32 127 722 161 52 135 335 167 86 246 186 191 50 133 41 184 53 131 241 189 52 136 405 180 114 352 
94 533 179 33 99 814 175 45 123 690 159 37 131 659 167 32 125 723 162 51 135 188 193 48 132 42 184 52 132 241 189 52 137 334 164 89 248 405 177 111 357 
95 914 176 44 154 658 169 32 121 534 180 33 97 687 160 43 130 725 163 51 131 189 197 49 126 39 184 55 132 403 171 107 362 335 162 86 252 241 189 52 137 
96 809 175 43 126 566 187 34 94 534 181 33 97 688 160 44 130 658 169 31 120 727 162 50 132 911 182 44 148 191 198 49 126 37 185 55 132 333 161 84 251 394 171 116 362 242 187 52 139 
97 690 159 45 132 325 185 28 111 534 180 33 98 657 174 31 110 566 189 34 92 807 174 44 126 727 163 52 130 908 184 47 143 191 198 49 128 333 159 82 253 36 184 56 132 241 187 53 139 389 170 121 366 
98 567 189 33 92 535 180 32 97 325 185 27 112 654 175 32 108 807 171 42 131 464 178 56 216 730 164 49 129 905 184 48 144 191 200 49 127 389 173 116 359 34 184 59 132 241 190 53 137 333 161 83 251 
99 536 181 30 96 653 176 33 104 804 173 43 128 324 184 29 111 733 163 48 131 903 186 48 143 462 177 57 216 192 196 50 131 242 190 52 137 34 184 59 132 378 174 119 355 334 162 81 246 
100 287 180 28 87 892 180 52 145 325 184 29 110 460 174 57 224 735 164 47 130 193 198 49 129 339 166 76 241 34 183 60 134 242 191 51 138 373 180 125 344 
101 322 184 32 110 193 198 49 129 891 179 53 146 737 164 47 130 344 162 70 248 39 183 55 133 243 192 52 138 370 190 125 330 
102 8 213 33 105 446 182 57 223 798 177 36 119 200 197 48 131 321 186 34 107 737 163 48 134 346 164 66 244 889 180 53 145 41 183 52 133 245 191 51 138 372 189 119 333 
103 447 177 57 236 797 181 35 114 6 224 35 93 738 163 49 135 320 185 35 109 200 197 48 131 41 184 52 132 348 165 63 243 889 180 51 146 246 192 51 136 369 190 119 331 
104 447 173 73 244 6 216 34 99 739 166 50 137 319 187 36 106 349 158 60 254 201 195 49 133 40 185 53 131 889 181 48 145 245 191 51 138 367 189 119 331 
105 350 156 55 254 6 217 36 98 741 167 48 136 442 175 82 240 317 188 38 105 40 182 54 133 888 177 48 149 202 193 47 136 363 179 121 347 246 191 49 140 
106 6 216 36 99 317 189 37 102 741 168 50 134 38 184 54 132 441 171 84 250 885 175 48 152 202 193 47 136 246 192 50 138 364 181 113 344 
107 746 168 46 135 317 188 36 105 714 159 36 132 8 217 34 97 38 183 51 133 880 176 52 148 249 195 49 134 439 171 88 246 202 194 46 134 357 181 120 337 
108 792 176 32 126 313 183 34 108 715 158 35 132 36 181 51 135 250 194 50 135 878 178 53 148 203 194 46 135 437 172 90 246 352 180 122 338 
109 794 179 30 124 717 160 35 129 9 226 32 89 758 167 47 143 313 183 33 109 36 181 50 135 252 195 50 135 204 195 45 135 439 168 86 251 874 179 53 146 351 182 118 333 
110 311 182 35 110 756 163 55 150 33 181 51 134 347 174 127 345 254 197 48 133 206 198 44 133 869 184 57 140 439 168 89 248 
111 720 165 45 126 311 184 33 106 32 181 52 133 342 174 136 344 253 197 51 133 205 199 44 131 759 161 56 155 866 184 62 139 442 166 87 253 
112 76 214 36 94 722 165 44 126 308 185 36 104 344 166 109 345 31 181 52 132 207 198 43 133 255 198 49 132 758 160 58 159 442 166 88 254 864 185 65 139 
113 721 164 44 128 76 213 35 96 306 185 37 103 30 181 51 134 207 198 45 133 255 198 50 132 342 182 106 328 864 186 58 140 758 159 57 161 442 165 92 257 
114 723 163 42 130 76 212 35 96 305 185 36 103 31 182 50 133 207 197 44 134 255 196 51 135 864 186 50 140 338 183 104 328 759 158 57 162 445 164 92 260 
115 730 158 35 136 76 211 35 98 32 181 49 134 864 182 48 142 304 184 37 107 208 197 46 134 254 195 54 137 761 158 55 162 335 186 101 326 447 166 92 256 
116 8 188 29 115 732 158 34 135 395 167 58 235 32 183 48 131 76 213 36 96 857 181 51 142 302 184 39 106 209 196 46 134 255 194 53 138 763 159 55 163 448 170 91 248 332 189 97 322 
117 734 159 33 129 33 183 49 131 392 170 61 234 77 212 35 96 302 186 38 101 857 178 48 143 256 195 53 136 209 195 48 136 765 162 55 161 451 171 88 245 324 187 104 322 
118 735 161 33 122 5 210 33 108 35 182 49 132 393 170 63 237 301 187 38 99 76 213 36 95 258 195 51 136 210 193 46 137 854 173 48 150 766 163 55 162 453 172 89 249 323 183 102 331 
119 36 184 46 130 4 212 35 104 301 187 36 101 392 169 64 237 76 213 37 95 260 194 50 136 853 172 49 151 211 191 46 140 767 164 54 162 453 174 89 250 323 183 99 329 
120 302 189 34 99 32 182 51 132 393 172 65 236 77 213 36 96 848 178 51 145 260 194 51 135 322 182 98 329 212 190 48 141 767 165 56 162 455 169 91 265 
121 77 210 36 98 392 166 65 241 32 183 50 131 314 185 103 308 261 195 51 135 844 181 53 140 214 189 47 142 771 164 53 164 458 168 94 267 
122 76 208 36 103 388 159 74 263 33 182 49 133 263 197 49 133 214 191 44 142 841 181 54 140 316 181 96 316 773 164 52 166 464 164 93 271 
123 76 209 37 102 33 182 48 134 383 158 79 266 264 196 49 134 215 194 45 139 840 182 53 140 774 164 52 166 315 186 97 306 465 160 95 276 
124 382 161 79 263 76 210 37 101 265 196 50 135 32 182 49 134 215 192 45 142 839 185 54 137 773 165 55 165 314 190 98 298 466 159 95 278 
125 265 195 50 137 377 159 84 269 76 210 36 102 31 182 50 133 216 194 44 140 836 184 55 138 774 165 58 165 470 163 99 271 311 184 100 309 
126 266 194 49 138 375 161 87 270 77 211 36 100 217 195 44 139 835 184 53 140 775 163 57 162 31 180 51 134 469 162 103 274 310 186 100 305 
127 266 195 51 137 781 166 52 159 77 211 36 99 216 196 47 137 31 179 51 137 376 162 88 270 834 181 50 142 470 162 102 276 304 188 107 301 
128 790 166 49 158 77 209 35 101 218 197 46 136 834 181 46 142 31 180 51 136 375 161 87 274 471 164 104 272 301 189 107 297 
129 790 166 50 159 78 209 35 102 833 179 44 142 218 197 46 134 32 180 50 136 375 157 89 281 474 167 103 267 299 188 106 298 
130 274 193 49 137 791 162 50 166 77 210 36 98 833 173 42 148 220 195 48 137 29 179 53 133 474 170 105 263 376 156 88 284 300 188 106 296 
131 275 189 48 139 791 162 51 166 834 175 39 146 76 208 36 100 26 180 55 132 221 195 48 137 474 171 108 261 301 190 104 292 378 156 88 285 
132 277 185 45 141 836 179 37 147 793 161 49 167 76 209 36 100 22 181 57 132 221 194 50 138 297 193 102 288 475 171 108 262 380 157 87 285 
133 836 176 37 148 793 161 51 170 22 183 56 130 75 209 36 101 221 193 52 140 292 192 108 293 477 170 106 266 383 158 87 285 
134 794 163 53 165 21 183 56 130 75 209 37 101 220 190 52 144 478 172 104 275 286 188 107 301 384 159 87 285 
135 927 129 32 337 20 182 57 130 794 166 60 161 75 209 38 100 221 191 50 144 280 193 113 286 479 170 103 264 388 157 86 289 
136 76 212 36 96 21 183 55 130 794 167 63 162 221 189 50 148 279 195 113 281 481 169 102 264 388 157 91 288 
137 77 212 34 96 21 185 53 129 803 168 56 158 222 190 48 146 276 182 101 298 389 157 96 289 485 164 101 272 
138 77 211 33 98 20 187 53 127 223 192 46 145 801 167 60 161 277 181 97 295 388 156 98 291 485 164 100 273 
139 748 178 34 116 72 208 35 107 19 185 54 129 224 191 45 147 805 165 54 160 387 155 104 295 274 182 100 295 485 165 102 274 
140 775 157 29 139 746 179 34 114 72 210 36 102 18 186 55 129 224 192 44 146 810 161 50 168 386 150 106 303 273 181 98 298 485 167 101 273 
141 775 160 30 133 72 211 36 100 746 178 35 116 17 186 56 128 224 192 45 145 810 162 51 166 387 146 103 312 484 171 104 277 273 183 97 295 
142 72 210 36 105 774 161 30 130 744 176 34 119 388 154 102 298 224 192 45 146 816 163 45 165 16 185 56 130 486 169 107 283 270 189 97 288 
143 774 163 31 125 72 207 37 109 743 178 33 117 391 151 115 317 819 161 43 167 16 184 56 131 224 189 45 149 267 192 101 279 492 170 102 282 
144 72 206 37 111 743 177 35 118 15 183 56 131 392 151 111 318 225 192 46 145 821 163 44 165 493 173 101 274 266 193 101 279 
145 735 173 45 126 909 168 46 158 782 172 44 137 72 208 36 108 821 163 47 164 15 185 56 130 225 189 46 149 394 161 112 300 499 172 95 275 266 193 100 279 
146 735 174 46 124 782 173 44 136 72 206 36 111 907 164 47 165 821 164 47 163 15 183 56 132 225 190 46 150 503 174 90 273 395 159 112 303 265 193 101 276 
147 72 205 36 112 781 181 46 132 825 170 52 160 907 163 46 167 499 176 100 269 225 188 46 153 15 182 56 134 264 191 99 277 396 162 110 300 
148 73 206 36 108 907 161 46 169 778 181 48 132 503 171 119 284 825 172 55 157 225 190 47 150 15 184 57 133 399 161 111 300 263 191 99 275 
149 908 160 44 170 891 168 49 147 73 206 36 108 776 182 49 133 507 172 108 283 225 190 47 150 826 171 55 160 15 184 57 132 400 162 109 299 262 187 97 279 
150 732 176 45 122 73 205 35 108 889 170 49 148 774 182 47 134 15 185 55 129 225 189 47 152 826 166 54 168 514 169 102 286 404 160 105 303 262 187 95 281 
151 730 177 45 121 73 204 35 111 16 187 53 126 226 190 46 150 773 180 47 135 887 173 49 145 516 171 105 285 407 155 104 312 828 164 56 173 260 187 96 282 
152 225 194 44 145 77 210 32 100 16 188 53 125 807 167 29 115 772 179 44 129 885 177 50 143 519 169 102 286 410 154 102 315 829 163 56 174 256 182 100 287 
153 225 202 44 141 76 209 33 101 770 178 43 131 806 164 29 120 16 188 54 126 883 177 50 143 410 153 104 316 832 166 55 169 521 170 104 284 256 181 99 288 
154 936 85 25 419 225 203 44 140 76 209 33 101 767 175 43 132 15 186 55 128 805 160 31 129 881 177 52 143 414 154 101 312 834 164 52 170 523 172 104 281 254 183 99 286 
155 934 95 26 398 226 205 44 137 76 209 33 100 804 157 33 137 761 175 45 134 16 188 53 125 880 175 54 148 837 162 51 172 419 157 100 306 523 171 117 285 249 182 105 292 
156 226 196 42 137 933 100 28 388 805 159 34 132 77 209 31 101 760 179 45 130 16 189 53 123 879 176 53 148 838 162 51 173 422 160 100 307 523 173 120 284 244 187 108 287 
157 807 161 33 132 931 108 30 370 226 192 44 141 77 209 32 101 16 188 52 122 758 183 47 128 881 177 50 149 244 194 95 274 423 163 103 308 838 164 54 173 522 175 125 279 
158 726 177 36 116 77 208 32 101 931 97 30 394 757 185 47 125 16 187 52 124 883 176 46 151 427 165 95 306 839 164 53 174 241 194 98 270 523 177 124 282 
159 725 179 36 114 16 187 52 123 756 184 48 125 929 102 32 383 882 175 47 155 839 163 55 176 430 164 91 302 523 178 125 283 240 195 98 266 
160 754 186 49 123 16 187 50 122 74 205 33 107 927 107 33 375 882 171 46 159 840 162 57 176 435 155 100 314 527 173 134 289 239 194 95 265 
161 927 110 34 369 74 207 33 104 881 169 45 161 841 164 58 172 240 194 92 264 532 172 126 290 437 157 99 308 
162 15 187 52 120 732 187 55 111 71 209 36 103 845 166 63 169 537 170 120 291 441 154 102 314 238 194 92 258 
163 731 183 52 116 15 186 53 121 911 155 49 173 70 210 37 101 846 168 64 167 540 168 112 292 443 154 102 315 236 195 92 252 
164 728 181 49 118 744 183 37 115 810 160 49 134 306 189 43 148 909 155 50 169 15 184 55 124 70 210 37 100 849 167 60 168 445 152 100 320 544 168 107 294 235 191 94 256 
165 305 190 45 149 13 183 57 124 852 168 59 170 810 160 50 135 70 211 37 100 447 152 101 320 234 189 93 253 544 167 110 293 
166 304 189 47 151 920 116 38 353 854 167 56 171 13 181 57 127 812 159 49 137 70 213 36 97 447 149 107 324 234 185 90 262 547 168 111 291 
167 300 197 49 152 923 121 35 346 813 162 48 131 13 182 56 125 70 213 35 95 864 160 55 178 234 187 88 258 447 147 117 328 550 165 110 298 
168 924 122 33 343 822 162 37 128 734 178 33 120 69 213 35 94 13 182 56 127 867 158 53 181 231 188 89 257 448 142 120 344 551 165 111 300 
169 309 198 55 149 926 122 31 344 731 179 34 117 12 187 56 122 68 212 36 98 866 160 57 183 230 187 89 258 552 164 111 306 450 144 119 342 
170 929 120 30 351 12 188 57 120 727 182 37 114 310 197 55 152 67 211 36 97 871 162 57 179 227 185 89 262 449 147 122 337 554 164 115 312 
171 724 183 37 112 12 188 56 120 67 212 35 95 309 199 56 150 871 160 58 182 226 186 89 262 450 151 122 329 555 164 116 310 
172 67 211 35 98 311 200 57 149 871 158 64 185 452 152 121 334 225 189 90 258 565 170 107 311 
173 932 122 28 348 67 211 35 96 311 199 58 149 874 155 63 187 225 188 90 259 456 152 127 329 566 173 108 303 
174 932 127 29 339 848 167 37 150 714 181 34 112 67 212 35 95 312 201 60 145 877 156 61 184 223 191 91 255 567 172 111 306 457 152 125 332 
175 847 170 37 146 710 179 36 119 312 199 61 146 66 213 35 93 881 155 57 181 226 187 86 259 575 168 117 312 460 154 122 329 
176 707 184 36 110 844 170 40 146 311 196 64 152 66 212 35 94 881 154 58 181 227 186 83 258 581 165 116 318 460 155 121 330 
177 6 179 47 135 843 172 42 144 66 212 35 94 313 187 62 157 226 187 84 254 882 153 58 185 581 164 119 316 464 150 115 335 
178 5 180 47 135 841 173 47 146 65 210 35 97 315 185 61 160 881 155 60 184 223 187 83 252 582 161 122 319 466 145 113 346 
179 700 178 33 117 5 179 47 136 841 175 47 143 65 210 35 96 315 185 62 162 882 155 58 184 221 185 84 255 468 147 111 342 588 158 119 324 
180 568 182 55 267 4 179 48 135 65 209 35 96 838 174 50 143 884 160 57 174 315 183 62 166 221 181 80 261 472 148 105 337 592 159 115 329 
181 5 179 48 135 570 181 57 266 885 157 58 179 316 186 63 160 66 208 34 97 837 173 51 145 221 181 80 262 473 147 105 341 601 161 114 324 
182 571 170 58 284 883 155 57 179 5 180 48 134 66 210 33 96 316 193 63 157 837 172 49 144 219 183 84 258 475 147 104 344 601 161 114 326 
183 908 160 47 180 573 161 60 300 879 151 52 184 5 181 47 134 64 209 32 95 835 172 47 143 219 184 84 257 319 194 61 156 476 155 109 337 599 170 119 319 
184 692 182 39 152 908 157 48 183 5 181 48 133 875 150 51 182 64 209 33 96 835 173 45 141 214 186 80 257 322 194 58 157 478 156 110 339 593 170 128 318 
185 912 163 43 178 575 161 61 301 5 181 48 133 64 210 33 95 874 152 51 175 211 194 82 244 834 170 44 144 326 195 55 155 602 164 131 336 483 154 108 345 
186 577 162 61 302 913 165 42 178 5 182 47 133 64 210 33 94 874 153 45 175 834 169 43 146 210 196 81 241 326 194 56 157 603 167 131 330 485 151 107 356 
187 310 177 27 102 912 163 43 181 580 165 59 298 5 182 47 133 63 210 34 94 833 169 43 146 872 154 46 175 208 196 81 240 328 196 54 153 606 168 127 333 488 153 106 355 
188 116 189 16 25 585 164 58 304 5 182 46 134 910 161 46 179 62 210 33 94 831 169 45 145 872 153 48 173 205 195 81 243 327 195 55 156 492 156 111 347 611 168 125 336 
189 909 161 47 179 5 183 47 133 62 209 32 95 830 172 45 140 587 167 60 299 874 153 50 173 203 197 82 241 327 193 55 159 492 158 111 341 615 167 122 338 
190 912 161 44 179 589 158 61 311 5 182 47 134 830 171 47 140 61 211 32 93 877 157 52 168 329 193 53 160 201 200 84 236 503 164 109 328 620 166 113 337 
191 914 161 42 181 252 194 39 164 830 173 46 138 60 209 32 94 6 181 48 134 330 193 55 160 878 160 50 164 197 196 85 240 504 162 108 335 624 164 110 343 
192 916 159 40 183 824 173 42 139 254 193 39 161 59 209 32 96 7 181 47 134 877 161 50 162 194 195 87 240 332 192 57 160 502 157 117 336 624 164 113 339 
193 918 158 39 187 59 207 32 97 823 173 42 136 7 180 48 135 253 193 40 161 875 158 50 164 193 190 83 247 333 192 57 162 506 156 117 337 628 163 113 340 
194 293 188 31 97 918 160 40 187 59 208 32 96 822 174 44 135 6 180 49 133 871 161 52 160 253 191 42 165 190 185 81 254 334 191 56 163 508 150 119 349 630 162 114 339 
195 292 186 31 100 59 208 31 96 928 121 34 350 6 181 48 134 251 190 45 167 821 172 46 140 188 184 83 254 867 161 61 161 335 192 57 162 631 169 122 325 509 153 126 347 
196 291 185 32 101 6 181 48 134 930 119 32 356 251 189 46 167 820 171 46 138 187 185 80 252 866 160 60 161 334 193 60 161 635 167 120 333 509 153 131 349 
197 292 186 30 101 55 205 33 100 5 181 48 133 930 117 30 362 251 189 47 167 820 170 45 138 186 187 79 250 865 160 59 160 335 194 60 161 643 157 126 350 509 150 138 348 
198 55 205 33 100 928 120 31 356 863 158 59 161 253 190 50 167 186 184 78 254 817 170 48 141 334 197 62 159 646 158 133 352 513 151 137 350 
199 532 180 25 42 75 186 19 36 930 122 29 351 55 206 33 100 862 158 57 160 184 187 79 250 254 190 52 166 334 195 63 160 816 171 49 141 646 158 143 349 515 160 136 326 
200 927 136 31 324 76 187 19 36 55 206 32 100 863 159 57 161 335 193 63 161 256 192 54 163 815 171 49 143 178 189 79 249 518 163 134 330 650 158 134 355 
201 529 179 31 48 56 205 32 102 863 158 53 166 815 171 49 142 255 190 57 165 178 189 80 247 340 192 61 164 519 164 135 329 655 162 125 348 
202 77 186 19 36 56 206 31 100 863 159 53 166 812 173 51 140 177 188 81 249 255 190 58 165 342 190 60 167 523 157 145 341 660 159 123 356 
203 854 161 53 158 56 206 31 100 812 175 50 137 178 183 78 256 344 191 59 167 257 190 56 166 525 157 143 342 666 162 121 351 
204 125 186 19 28 56 205 31 101 853 163 53 158 179 180 73 259 810 176 51 135 255 189 58 168 345 189 61 171 526 160 140 331 671 163 118 348 
205 56 206 31 99 852 161 55 159 809 179 49 130 177 183 71 257 346 187 62 173 253 189 58 171 531 153 136 356 677 165 112 344 
206 5 181 46 131 56 206 31 99 524 181 31 92 176 181 71 257 853 160 51 160 809 179 47 127 348 187 64 173 252 191 64 172 536 152 132 356 674 159 133 355 
207 639 175 78 286 5 181 47 131 522 181 32 92 56 205 32 101 173 183 72 251 853 158 50 161 810 178 46 128 350 186 61 174 254 191 63 172 541 150 127 361 682 161 125 352 
208 85 186 18 34 644 177 74 294 4 181 48 130 520 182 34 94 55 201 34 106 171 179 70 258 808 178 47 127 350 186 61 175 849 157 53 164 256 194 63 168 544 147 125 365 687 162 129 351 
209 85 186 18 35 520 183 34 93 648 179 74 295 54 201 34 106 3 181 48 128 804 176 48 130 168 180 72 256 257 193 65 168 350 188 63 173 846 156 57 164 546 145 122 367 689 161 139 356 
210 916 164 42 161 520 184 32 91 804 173 46 136 86 186 17 35 55 202 34 104 654 179 70 294 2 180 48 128 164 185 75 248 258 194 63 165 352 191 62 168 844 156 57 164 552 143 115 380 691 159 143 361 
211 55 202 34 104 516 181 35 97 660 176 62 301 87 186 18 35 2 180 48 129 161 188 76 243 260 194 61 165 843 157 56 163 353 191 61 169 554 143 113 381 691 156 147 368 
212 54 202 35 104 87 186 18 35 2 180 48 129 515 180 34 100 661 183 67 296 260 194 62 163 160 188 76 243 354 192 62 168 843 157 57 161 555 140 119 395 690 148 159 397 
213 907 163 49 155 215 186 44 126 663 184 69 298 87 185 18 36 54 203 35 102 2 180 48 130 150 190 86 242 514 181 33 97 840 159 55 155 266 191 64 168 556 140 129 396 356 193 64 167 696 152 163 375 
214 670 188 67 291 214 186 44 122 88 185 18 36 54 204 35 101 2 180 48 131 513 180 33 98 146 189 88 242 838 162 56 150 559 138 125 399 357 196 63 163 267 192 63 167 699 149 161 396 
215 672 186 66 295 88 186 18 35 1 179 47 132 54 204 34 100 511 178 32 101 148 189 81 244 561 142 124 389 836 165 58 149 269 191 62 170 358 197 61 161 701 152 161 395 
216 680 181 59 302 89 186 18 34 213 185 36 115 54 205 33 99 0 180 49 131 510 178 32 102 148 191 80 239 835 163 56 151 573 148 124 369 359 196 63 163 270 193 61 166 705 149 156 402 
217 89 187 18 33 54 204 32 100 683 183 59 294 212 185 36 117 1 180 49 130 509 178 32 101 146 192 81 238 835 163 54 155 358 195 66 164 270 194 62 165 575 148 122 372 710 150 153 401 
218 687 178 59 292 1 181 48 129 53 205 32 98 212 188 37 112 889 171 52 143 145 189 83 244 507 178 32 101 835 162 56 151 354 190 74 170 269 194 66 167 578 144 124 385 716 148 147 403 
219 2 182 48 128 691 177 57 303 210 188 40 109 53 205 32 99 888 173 54 145 506 180 33 98 832 162 57 154 354 190 74 171 140 189 82 243 267 195 69 166 580 143 125 385 716 153 143 393 
220 8 185 40 119 209 187 40 110 835 162 53 156 51 205 32 98 887 171 54 147 504 181 35 96 136 192 84 235 357 194 72 165 273 197 64 165 583 144 128 385 716 154 142 388 
221 9 185 39 119 209 189 39 111 835 163 52 155 51 205 31 97 885 168 55 150 502 182 35 94 137 187 79 242 357 194 73 166 274 197 65 164 585 140 134 393 719 149 142 397 
222 9 184 39 122 208 189 40 111 836 164 48 155 51 205 30 97 501 183 35 93 886 165 54 152 136 189 75 228 356 196 77 165 277 198 62 165 588 140 137 392 725 147 139 403 
223 9 182 40 125 205 190 49 111 502 181 34 96 51 205 29 96 885 167 52 147 590 148 139 374 357 194 74 169 279 196 60 169 134 188 73 230 732 144 137 412 
224 96 184 20 32 9 181 40 127 502 180 32 97 50 192 31 111 205 189 47 113 884 166 50 146 132 187 75 231 357 194 77 170 595 151 152 364 280 195 60 169 734 145 144 411 
225 503 178 31 99 4 178 47 133 50 193 31 110 881 166 54 148 205 189 48 115 359 197 75 167 132 187 71 227 